0 217
0 235
0 250
0 338
1 3
1 323
2 3
2 6
2 317
3 1
3 2
3 6
3 7
3 95
3 317
4 14
4 255
6 2
6 3
6 7
7 3
7 6
7 25
7 175
8 9
8 10
8 11
8 12
8 271
9 8
9 11
9 249
10 8
10 11
10 168
10 180
11 8
11 9
11 10
11 96
11 147
12 8
12 13
12 14
12 44
12 101
12 342
13 12
13 14
13 120
13 289
14 4
14 12
14 13
14 15
14 30
14 87
14 99
14 201
14 210
14 300
14 303
15 14
15 17
15 97
15 108
15 134
15 144
16 17
16 108
17 15
17 16
17 18
17 20
17 47
17 108
17 109
17 117
17 134
17 138
17 204
17 316
18 17
18 20
18 235
18 296
18 316
19 20
19 78
19 96
19 197
19 249
19 260
19 279
19 314
20 17
20 18
20 19
20 23
20 24
20 67
20 96
20 97
20 190
20 228
20 276
20 291
20 309
21 22
21 23
21 24
21 110
21 122
21 123
21 128
21 231
22 21
22 23
22 24
22 25
22 203
22 303
23 20
23 21
23 22
23 24
23 25
23 34
23 43
23 80
23 82
23 94
23 193
23 269
24 20
24 21
24 22
24 23
24 25
24 30
24 32
24 36
24 51
24 96
24 122
24 201
24 225
24 329
24 336
25 7
25 22
25 23
25 24
25 26
25 29
25 31
25 107
25 166
25 201
25 202
25 203
25 220
25 232
25 285
25 310
25 340
26 25
26 28
26 87
26 240
26 253
26 293
26 304
26 316
26 340
27 148
28 26
28 30
28 31
28 62
28 94
28 113
28 339
29 25
29 30
29 201
30 14
30 24
30 28
30 29
30 31
30 88
30 94
30 97
30 107
30 207
30 227
30 235
30 285
31 25
31 28
31 30
31 32
31 35
31 38
31 42
31 52
31 197
31 227
31 271
32 24
32 31
32 33
32 34
32 35
32 62
32 71
32 204
32 243
32 304
33 32
33 34
34 23
34 32
34 33
34 35
34 38
34 41
34 188
34 209
34 245
35 31
35 32
35 34
35 43
35 72
35 209
35 220
36 24
36 96
36 109
36 195
36 196
36 322
38 31
38 34
38 96
39 96
39 151
40 96
40 197
40 285
40 323
41 34
41 83
41 87
41 97
41 117
41 143
41 188
41 207
41 224
42 31
42 43
42 82
42 89
42 220
42 224
42 279
42 309
42 317
43 23
43 35
43 42
43 44
43 64
43 67
43 83
43 89
43 107
43 205
43 220
43 272
44 12
44 43
44 45
44 47
44 54
44 77
44 87
44 96
44 160
44 193
44 226
45 44
45 47
45 83
45 92
46 80
46 82
46 96
46 283
47 17
47 44
47 45
47 48
47 340
48 47
48 49
48 55
49 48
49 51
49 55
50 80
50 288
51 24
51 49
51 54
51 65
51 87
51 208
51 274
51 275
51 307
51 316
51 335
51 340
52 31
52 55
52 231
52 296
53 54
53 55
53 60
53 272
54 44
54 51
54 53
54 57
54 349
55 48
55 49
55 52
55 53
55 57
55 91
55 274
55 345
55 346
57 54
57 55
57 60
57 62
57 91
57 191
57 346
57 348
58 80
58 88
58 89
58 96
59 60
59 234
59 237
59 238
59 266
59 271
60 53
60 57
60 59
60 62
60 93
60 204
60 224
60 225
60 226
61 88
61 106
61 220
62 28
62 32
62 57
62 60
62 63
62 64
62 78
62 89
62 97
63 62
63 64
63 82
64 43
64 62
64 63
64 65
64 82
64 88
64 93
64 175
64 308
64 340
64 347
65 51
65 64
65 82
65 87
66 227
66 254
67 20
67 43
67 92
67 213
67 227
68 117
69 71
69 80
69 123
70 226
71 32
71 69
71 82
71 204
71 208
72 35
72 87
73 268
73 271
73 272
73 293
75 213
76 77
76 215
76 216
76 242
76 257
76 313
77 44
77 76
77 87
77 94
77 213
77 249
78 19
78 62
78 80
78 82
78 107
78 166
78 210
78 214
78 227
78 235
78 255
78 339
79 80
79 178
79 183
79 201
79 203
79 285
80 23
80 46
80 50
80 58
80 69
80 78
80 79
80 102
80 109
80 203
80 205
80 232
80 240
81 82
81 89
82 23
82 42
82 46
82 63
82 64
82 65
82 71
82 78
82 81
82 87
82 88
82 107
82 119
82 224
83 41
83 43
83 45
83 85
83 87
83 92
83 96
83 196
83 208
83 214
83 227
83 264
84 227
84 301
85 83
85 87
85 207
85 258
86 235
86 292
87 14
87 26
87 41
87 44
87 51
87 65
87 72
87 77
87 82
87 83
87 85
87 88
87 93
87 95
87 96
87 97
87 99
87 101
87 115
87 155
87 196
87 205
87 208
87 213
87 227
87 235
87 258
87 265
87 275
87 281
87 303
87 304
87 320
88 30
88 58
88 61
88 64
88 82
88 87
88 89
88 96
88 123
88 144
88 159
88 164
88 177
88 207
88 210
88 213
88 222
88 250
88 264
88 269
88 276
88 281
88 303
88 320
88 323
88 340
89 42
89 43
89 58
89 62
89 81
89 88
89 181
89 201
89 272
89 302
89 350
90 96
90 111
90 205
90 288
91 55
91 57
91 92
91 107
92 45
92 67
92 83
92 91
92 120
92 270
92 341
92 345
92 348
92 352
93 60
93 64
93 87
93 224
93 226
93 235
94 23
94 28
94 30
94 77
94 193
94 201
94 203
94 220
94 285
94 294
94 353
95 3
95 87
95 96
95 193
95 210
96 11
96 19
96 20
96 24
96 36
96 38
96 39
96 40
96 44
96 46
96 58
96 83
96 87
96 88
96 90
96 95
96 97
96 105
96 119
96 162
96 190
96 191
96 193
96 194
96 195
96 196
96 208
96 217
96 228
96 233
96 239
96 255
96 302
96 309
96 340
96 344
97 15
97 20
97 30
97 41
97 62
97 87
97 96
97 235
97 322
97 344
98 107
98 108
98 109
98 113
98 121
98 124
98 125
98 128
98 130
98 137
98 141
98 177
98 178
98 281
99 14
99 87
99 197
99 317
99 318
100 281
100 301
101 12
101 87
101 108
101 173
101 175
101 176
101 193
101 210
102 80
102 106
102 109
102 117
103 106
103 109
103 173
104 113
104 164
104 173
104 178
105 96
105 106
105 128
105 158
106 61
106 102
106 103
106 105
106 107
106 108
106 109
106 112
106 137
106 139
106 156
106 157
106 160
106 162
106 179
106 235
106 242
107 25
107 30
107 43
107 78
107 82
107 91
107 98
107 106
107 108
107 109
107 111
107 112
107 119
107 122
107 125
107 131
107 132
107 136
107 138
107 152
107 155
107 160
107 175
107 177
107 199
107 234
107 259
108 15
108 16
108 17
108 98
108 101
108 106
108 107
108 109
108 111
108 115
108 116
108 121
108 123
108 128
108 130
108 131
108 133
108 139
108 141
108 143
108 145
108 151
108 155
108 164
108 173
108 175
108 177
108 228
108 289
108 322
109 17
109 36
109 80
109 98
109 102
109 103
109 106
109 107
109 108
109 110
109 111
109 112
109 117
109 124
109 136
109 143
109 156
109 162
109 220
109 235
109 300
109 315
109 340
110 21
110 109
110 111
110 117
110 122
110 123
110 128
110 173
110 176
111 90
111 107
111 108
111 109
111 110
111 112
111 113
111 115
111 117
111 120
111 121
111 123
111 124
111 126
111 149
111 162
111 317
112 106
112 107
112 109
112 111
112 113
112 125
112 141
112 177
113 28
113 98
113 104
113 111
113 112
113 114
113 116
113 117
113 119
113 120
113 122
113 124
113 134
113 137
113 152
113 161
113 270
114 113
114 117
114 120
114 126
115 87
115 108
115 111
115 121
115 133
115 134
115 176
116 108
116 113
116 117
116 120
116 121
116 138
116 159
116 175
117 17
117 41
117 68
117 102
117 109
117 110
117 111
117 113
117 114
117 116
117 119
117 120
117 123
117 124
117 125
117 127
117 128
117 133
117 134
117 137
117 159
117 165
117 278
118 119
119 82
119 96
119 107
119 113
119 117
119 118
119 120
119 121
119 123
119 124
119 125
119 127
119 129
119 164
119 179
119 278
120 13
120 92
120 111
120 113
120 114
120 116
120 117
120 119
120 121
120 122
120 123
120 126
120 132
120 138
120 140
120 159
120 235
120 278
120 343
121 98
121 108
121 111
121 115
121 116
121 119
121 120
121 122
121 123
121 132
121 140
121 141
121 158
121 165
121 177
121 199
121 271
121 312
121 343
122 21
122 24
122 107
122 110
122 113
122 120
122 121
122 123
122 124
122 125
122 128
122 141
122 143
122 149
122 151
122 155
122 195
122 250
122 296
123 21
123 69
123 88
123 108
123 110
123 111
123 117
123 119
123 120
123 121
123 122
123 124
123 125
123 126
123 128
123 129
123 132
123 175
124 98
124 109
124 111
124 113
124 117
124 119
124 122
124 123
124 125
124 126
124 127
124 128
124 133
124 137
124 168
124 173
124 178
124 179
124 312
125 98
125 107
125 112
125 117
125 119
125 122
125 123
125 124
125 127
125 128
125 137
125 138
125 143
125 292
125 343
126 111
126 114
126 120
126 123
126 124
126 138
126 140
126 150
126 164
126 343
127 117
127 119
127 124
127 125
127 128
127 197
128 21
128 98
128 105
128 108
128 110
128 117
128 122
128 123
128 124
128 125
128 127
128 143
128 151
128 178
129 119
129 123
129 151
130 98
130 108
130 143
130 155
130 158
130 164
130 177
131 107
131 108
131 143
131 155
132 107
132 120
132 121
132 123
132 133
132 134
132 136
132 143
132 148
132 152
132 155
132 174
132 177
132 199
133 108
133 115
133 117
133 124
133 132
133 134
133 144
133 173
133 178
133 263
133 265
134 15
134 17
134 113
134 115
134 117
134 132
134 133
134 137
134 139
134 143
134 145
134 152
134 155
134 159
134 160
134 166
134 210
134 270
136 107
136 109
136 132
136 151
136 293
137 98
137 106
137 113
137 117
137 124
137 125
137 134
137 143
137 144
137 148
138 17
138 107
138 116
138 120
138 125
138 126
138 139
138 143
138 144
138 147
138 148
138 160
138 177
138 178
139 106
139 108
139 134
139 138
139 143
139 144
139 177
139 281
140 120
140 121
140 126
140 143
140 150
141 98
141 108
141 112
141 121
141 122
141 143
141 144
141 151
141 177
142 150
142 151
142 168
142 188
142 288
143 41
143 108
143 109
143 122
143 125
143 128
143 130
143 131
143 132
143 134
143 137
143 138
143 139
143 140
143 141
143 144
143 151
143 155
143 158
143 160
143 175
143 177
143 217
143 254
143 292
144 15
144 88
144 133
144 137
144 138
144 139
144 141
144 143
144 150
144 159
144 164
144 205
145 108
145 134
145 177
147 11
147 138
147 148
147 150
147 180
147 188
148 27
148 132
148 137
148 138
148 147
148 150
148 158
148 159
148 162
148 168
148 169
148 170
148 177
148 196
149 111
149 122
149 158
149 162
150 126
150 140
150 142
150 144
150 147
150 148
150 155
150 160
150 188
150 193
150 354
151 39
151 108
151 122
151 128
151 129
151 136
151 141
151 142
151 143
151 155
151 160
151 170
151 177
151 276
152 107
152 113
152 132
152 134
152 184
153 159
154 168
155 87
155 107
155 108
155 122
155 130
155 131
155 132
155 134
155 143
155 150
155 151
155 162
155 188
155 271
155 272
155 273
156 106
156 109
156 160
156 176
157 106
157 158
157 159
157 164
157 177
157 180
158 105
158 121
158 130
158 143
158 148
158 149
158 157
158 159
158 160
158 164
158 165
158 166
158 177
158 180
158 183
158 184
159 88
159 116
159 117
159 120
159 134
159 144
159 148
159 153
159 157
159 158
159 160
159 161
159 162
159 163
159 168
159 169
159 170
159 173
159 176
159 180
159 184
159 288
159 313
160 44
160 106
160 107
160 134
160 138
160 143
160 150
160 151
160 156
160 158
160 159
160 161
160 162
160 164
160 168
160 173
160 176
160 177
160 184
160 188
160 193
160 196
160 218
160 313
160 342
161 113
161 159
161 160
161 301
162 96
162 106
162 109
162 111
162 148
162 149
162 155
162 159
162 160
162 163
162 168
162 169
162 176
162 177
162 182
162 188
162 313
163 159
163 162
163 302
164 88
164 104
164 108
164 119
164 126
164 130
164 144
164 157
164 158
164 160
164 165
164 166
164 168
164 173
164 176
164 180
164 296
164 306
165 117
165 121
165 158
165 164
165 180
165 242
165 340
166 25
166 78
166 134
166 158
166 164
166 168
166 180
168 10
168 124
168 142
168 148
168 154
168 159
168 160
168 162
168 164
168 166
168 171
168 178
169 148
169 159
169 162
169 235
170 148
170 151
170 159
170 188
171 168
171 188
173 101
173 103
173 104
173 108
173 110
173 124
173 133
173 159
173 160
173 164
173 178
173 180
174 132
174 177
174 178
175 7
175 64
175 101
175 107
175 108
175 116
175 123
175 143
175 176
175 177
176 101
176 110
176 115
176 156
176 159
176 160
176 162
176 164
176 175
176 177
177 88
177 98
177 107
177 108
177 112
177 121
177 130
177 132
177 138
177 139
177 141
177 143
177 145
177 148
177 151
177 157
177 158
177 160
177 162
177 174
177 175
177 176
177 180
177 193
177 213
178 79
178 98
178 104
178 124
178 128
178 133
178 138
178 168
178 173
178 174
178 179
178 182
178 316
179 106
179 119
179 124
179 178
180 10
180 147
180 157
180 158
180 159
180 164
180 165
180 166
180 173
180 177
180 262
180 296
181 89
181 183
181 231
181 257
182 162
182 178
182 183
182 231
183 79
183 158
183 181
183 182
183 184
183 203
183 235
184 152
184 158
184 159
184 160
184 183
184 188
184 190
184 214
184 232
185 197
185 227
185 232
185 242
185 271
185 281
185 339
186 197
187 213
188 34
188 41
188 142
188 147
188 150
188 155
188 160
188 162
188 170
188 171
188 184
188 281
190 20
190 96
190 184
191 57
191 96
191 279
193 23
193 44
193 94
193 95
193 96
193 101
193 150
193 160
193 177
193 195
193 196
193 217
193 269
193 293
193 306
193 353
194 96
194 196
195 36
195 96
195 122
195 193
195 196
195 353
195 355
196 36
196 83
196 87
196 96
196 148
196 160
196 193
196 194
196 195
196 213
196 353
196 355
197 19
197 31
197 40
197 99
197 127
197 185
197 186
197 198
197 199
197 200
197 201
197 203
197 208
197 225
197 226
197 260
197 262
197 267
197 275
197 276
197 283
197 318
197 320
198 197
199 107
199 121
199 132
199 197
199 201
199 227
200 197
201 14
201 24
201 25
201 29
201 79
201 89
201 94
201 197
201 199
201 202
201 203
201 205
201 210
201 220
201 224
201 226
201 232
201 242
201 268
201 285
202 25
202 201
202 203
202 220
202 224
202 226
203 22
203 25
203 79
203 80
203 94
203 183
203 197
203 201
203 202
203 205
203 207
203 220
203 222
203 226
203 250
203 271
203 276
203 285
204 17
204 32
204 60
204 71
204 210
204 258
204 302
204 313
205 43
205 80
205 87
205 90
205 144
205 201
205 203
205 208
205 210
205 220
205 226
205 235
205 242
205 285
206 207
206 285
207 30
207 41
207 85
207 88
207 203
207 206
207 208
207 220
207 232
207 285
207 289
208 51
208 71
208 83
208 87
208 96
208 197
208 205
208 207
208 220
209 34
209 35
210 14
210 78
210 88
210 95
210 101
210 134
210 201
210 204
210 205
210 213
210 224
210 226
210 313
210 325
210 340
211 213
212 213
212 242
213 67
213 75
213 77
213 87
213 88
213 177
213 187
213 196
213 210
213 211
213 212
213 214
213 220
213 224
213 227
213 232
213 234
213 235
213 240
213 287
214 78
214 83
214 184
214 213
214 227
214 233
214 255
215 76
215 242
216 76
216 242
216 257
217 0
217 96
217 143
217 193
217 234
217 241
217 242
217 249
217 257
217 266
217 290
217 292
218 160
218 224
219 220
220 25
220 35
220 42
220 43
220 61
220 94
220 109
220 201
220 202
220 203
220 205
220 207
220 208
220 213
220 219
220 222
220 227
220 228
220 250
220 265
220 273
220 323
221 227
222 88
222 203
222 220
222 245
222 265
222 301
224 41
224 42
224 60
224 82
224 93
224 201
224 202
224 210
224 213
224 218
224 225
224 226
224 232
224 258
225 24
225 60
225 197
225 224
225 226
226 44
226 60
226 70
226 93
226 197
226 201
226 202
226 203
226 205
226 210
226 224
226 225
226 267
227 30
227 31
227 66
227 67
227 78
227 83
227 84
227 87
227 185
227 199
227 213
227 214
227 220
227 221
227 228
227 240
227 255
227 281
227 303
228 20
228 96
228 108
228 220
228 227
230 231
231 21
231 52
231 181
231 182
231 230
231 232
231 288
232 25
232 80
232 184
232 185
232 201
232 207
232 213
232 224
232 231
232 233
232 239
232 249
232 294
232 300
232 305
233 96
233 214
233 232
233 234
233 235
233 242
233 249
233 250
233 251
233 252
233 256
233 283
233 317
233 320
234 59
234 107
234 213
234 217
234 233
234 235
234 250
234 281
235 0
235 18
235 30
235 78
235 86
235 87
235 93
235 97
235 106
235 109
235 120
235 169
235 183
235 205
235 213
235 233
235 234
235 242
235 249
235 250
235 251
235 256
235 258
235 260
235 261
235 268
235 269
235 271
235 272
235 275
235 276
235 279
235 282
235 283
235 284
235 310
235 317
235 321
235 339
236 242
236 255
236 288
237 59
237 242
238 59
238 240
238 255
238 257
238 288
238 310
239 96
239 232
240 26
240 80
240 213
240 227
240 238
240 241
240 242
240 244
240 251
240 279
240 339
240 340
241 217
241 240
241 242
241 339
241 340
242 76
242 106
242 165
242 185
242 201
242 205
242 212
242 215
242 216
242 217
242 233
242 235
242 236
242 237
242 240
242 241
242 244
242 250
242 251
242 257
242 260
242 261
242 276
242 281
242 285
242 288
242 293
242 312
242 317
242 318
242 325
243 32
243 257
243 258
244 240
244 242
244 255
244 260
244 293
244 309
244 314
245 34
245 222
245 255
245 265
247 254
247 255
247 271
247 281
247 322
248 254
248 255
248 279
249 9
249 19
249 77
249 217
249 232
249 233
249 235
249 250
249 251
249 253
249 264
249 293
250 0
250 88
250 122
250 203
250 220
250 233
250 234
250 235
250 242
250 249
250 317
250 323
251 233
251 235
251 240
251 242
251 249
251 339
251 340
252 233
252 283
253 26
253 249
253 322
253 340
254 66
254 143
254 247
254 248
254 255
254 271
254 279
254 281
254 282
254 296
254 309
254 311
254 322
255 4
255 78
255 96
255 214
255 227
255 236
255 238
255 244
255 245
255 247
255 248
255 254
255 269
255 270
255 275
255 276
255 277
255 279
255 296
255 306
255 311
255 315
255 326
255 327
255 328
256 233
256 235
256 260
256 262
256 283
257 76
257 181
257 216
257 217
257 238
257 242
257 243
257 258
257 259
257 260
257 281
258 85
258 87
258 204
258 224
258 235
258 243
258 257
258 259
258 260
258 281
258 304
259 107
259 257
259 258
259 260
259 271
259 321
260 19
260 197
260 235
260 242
260 244
260 256
260 257
260 258
260 259
260 275
260 294
260 340
261 235
261 242
261 262
261 263
261 272
261 318
261 321
262 180
262 197
262 256
262 261
262 266
262 282
262 311
262 317
262 318
263 133
263 261
263 264
263 266
263 270
263 272
263 277
263 279
263 309
264 83
264 88
264 249
264 263
264 266
264 269
264 270
264 272
264 273
264 279
264 307
264 308
264 309
264 311
264 320
264 352
265 87
265 133
265 220
265 222
265 245
265 274
265 307
266 59
266 217
266 262
266 263
266 264
266 268
266 269
266 271
266 272
266 292
267 197
267 226
267 268
267 269
267 271
268 73
268 201
268 235
268 266
268 267
268 269
268 271
268 272
268 311
269 23
269 88
269 193
269 235
269 255
269 264
269 266
269 267
269 268
269 270
269 271
269 273
269 274
269 320
270 92
270 113
270 134
270 255
270 263
270 264
270 269
270 272
270 273
270 285
270 321
271 8
271 31
271 59
271 73
271 121
271 155
271 185
271 203
271 235
271 247
271 254
271 259
271 266
271 267
271 268
271 269
271 308
272 43
272 53
272 73
272 89
272 155
272 235
272 261
272 263
272 264
272 266
272 268
272 270
272 273
272 279
273 155
273 220
273 264
273 269
273 270
273 272
273 337
274 51
274 55
274 265
274 269
275 51
275 87
275 197
275 235
275 255
275 260
275 276
276 20
276 88
276 151
276 197
276 203
276 235
276 242
276 255
276 275
276 282
276 284
276 285
277 255
277 263
277 283
277 302
277 312
278 117
278 119
278 120
278 279
278 281
278 308
279 19
279 42
279 191
279 235
279 240
279 248
279 254
279 255
279 263
279 264
279 272
279 278
279 280
279 281
279 339
279 340
280 279
280 281
280 283
280 285
281 87
281 88
281 98
281 100
281 139
281 185
281 188
281 227
281 234
281 242
281 247
281 254
281 257
281 258
281 278
281 279
281 280
281 282
281 293
281 311
281 340
282 235
282 254
282 262
282 276
282 281
282 283
282 288
282 317
282 322
283 46
283 197
283 233
283 235
283 252
283 256
283 277
283 280
283 282
283 284
283 308
283 311
284 235
284 276
284 283
284 285
285 25
285 30
285 40
285 79
285 94
285 201
285 203
285 205
285 206
285 207
285 242
285 270
285 276
285 280
285 284
285 290
286 288
287 213
288 50
288 90
288 142
288 159
288 231
288 236
288 238
288 242
288 282
288 286
288 317
289 13
289 108
289 207
290 217
290 285
290 292
290 293
290 318
290 320
291 20
291 339
292 86
292 125
292 143
292 217
292 266
292 290
292 293
292 298
292 300
292 306
292 311
292 317
292 320
293 26
293 73
293 136
293 193
293 242
293 244
293 249
293 281
293 290
293 292
293 294
293 295
293 296
293 297
293 300
293 306
293 312
293 331
293 351
294 94
294 232
294 260
294 293
295 293
295 296
296 18
296 52
296 122
296 164
296 180
296 254
296 255
296 293
296 295
296 297
296 299
296 300
296 301
296 306
296 311
296 312
297 293
297 296
297 298
297 300
297 305
298 292
298 297
298 316
299 296
300 14
300 109
300 232
300 292
300 293
300 296
300 297
300 301
300 302
300 303
300 313
300 314
300 317
300 321
301 84
301 100
301 161
301 222
301 296
301 300
301 302
301 304
301 309
301 312
301 313
302 89
302 96
302 163
302 204
302 277
302 300
302 301
302 303
302 304
302 312
303 14
303 22
303 87
303 88
303 227
303 300
303 302
303 304
303 310
303 312
303 318
303 323
304 26
304 32
304 87
304 258
304 301
304 302
304 303
304 312
305 232
305 297
306 164
306 193
306 255
306 292
306 293
306 296
306 309
306 314
307 51
307 264
307 265
307 308
307 312
307 316
307 325
308 64
308 264
308 271
308 278
308 283
308 307
308 309
308 313
309 20
309 42
309 96
309 244
309 254
309 263
309 264
309 301
309 306
309 308
309 310
309 311
309 312
309 320
310 25
310 235
310 238
310 303
310 309
310 311
311 254
311 255
311 262
311 264
311 268
311 281
311 283
311 292
311 296
311 309
311 310
311 314
312 121
312 124
312 242
312 277
312 293
312 296
312 301
312 302
312 303
312 304
312 307
312 309
312 313
313 76
313 159
313 160
313 162
313 204
313 210
313 300
313 301
313 308
313 312
313 319
314 19
314 244
314 300
314 306
314 311
314 315
314 316
315 109
315 255
315 314
315 316
316 17
316 18
316 26
316 51
316 178
316 298
316 307
316 314
316 315
316 322
317 2
317 3
317 42
317 99
317 111
317 233
317 235
317 242
317 250
317 262
317 282
317 288
317 292
317 300
317 318
318 99
318 197
318 242
318 261
318 262
318 290
318 303
318 317
318 320
318 323
319 313
319 320
320 87
320 88
320 197
320 233
320 264
320 269
320 290
320 292
320 309
320 318
320 319
320 340
321 235
321 259
321 261
321 270
321 300
321 322
321 327
322 36
322 97
322 108
322 247
322 253
322 254
322 282
322 316
322 321
322 323
323 1
323 40
323 88
323 220
323 250
323 303
323 318
323 322
325 210
325 242
325 307
325 327
325 328
325 330
325 334
325 335
325 338
326 255
326 338
327 255
327 321
327 325
327 330
327 335
327 338
327 340
328 255
328 325
328 330
328 335
328 338
328 340
329 24
330 325
330 327
330 328
330 333
330 334
330 335
331 293
333 330
334 325
334 330
334 335
334 338
335 51
335 325
335 327
335 328
335 330
335 334
335 336
335 337
336 24
336 335
337 273
337 335
338 0
338 325
338 326
338 327
338 328
338 334
339 28
339 78
339 185
339 235
339 240
339 241
339 251
339 279
339 291
339 340
340 25
340 26
340 47
340 51
340 64
340 88
340 96
340 109
340 165
340 210
340 240
340 241
340 251
340 253
340 260
340 279
340 281
340 320
340 327
340 328
340 339
341 92
342 12
342 160
343 120
343 121
343 125
343 126
344 96
344 97
345 55
345 92
346 55
346 57
347 64
348 57
348 92
349 54
350 89
351 293
352 92
352 264
353 94
353 193
353 195
353 196
354 150
355 195
355 196
