0 0
0 1
0 11
0 12
0 25
0 29
0 30
0 36
0 38
0 44
0 51
0 74
0 75
0 78
0 79
0 80
0 83
0 89
0 91
0 95
0 111
0 117
0 121
0 124
0 136
0 139
0 142
0 181
0 196
0 280
1 0
1 1
1 11
1 16
1 30
1 32
1 44
1 56
1 58
1 66
1 74
1 75
1 78
1 79
1 81
1 82
1 86
1 91
1 100
1 118
1 124
1 125
1 136
1 139
1 176
1 181
1 223
1 233
2 2
2 3
2 4
2 18
2 19
2 20
2 21
2 24
2 41
2 42
2 60
2 61
2 62
2 63
2 90
2 101
2 102
2 114
2 116
2 164
2 165
2 204
2 209
2 210
2 211
2 236
2 242
2 243
2 252
2 264
2 293
2 301
2 302
2 307
2 310
2 314
2 326
2 328
3 2
3 3
3 4
3 18
3 19
3 20
3 21
3 24
3 31
3 41
3 42
3 54
3 60
3 61
3 62
3 63
3 90
3 92
3 101
3 102
3 164
3 165
3 186
3 211
3 236
3 243
3 264
3 302
3 307
3 314
3 326
3 328
4 2
4 3
4 4
4 18
4 19
4 20
4 21
4 24
4 31
4 41
4 42
4 54
4 60
4 61
4 62
4 63
4 92
4 101
4 102
4 114
4 133
4 164
4 165
4 171
4 173
4 211
4 217
4 236
4 242
4 243
4 249
4 252
4 264
4 293
4 301
4 302
4 307
4 314
4 326
4 328
5 5
5 6
5 8
5 9
5 13
5 15
5 43
5 46
5 73
5 79
5 87
5 88
5 90
5 93
5 94
5 95
5 128
5 129
5 131
5 132
5 133
5 134
5 135
5 137
5 162
5 163
5 170
5 173
5 177
5 178
5 183
5 196
5 197
5 198
5 200
5 202
5 204
5 207
5 213
5 215
5 226
5 232
5 234
5 235
5 238
5 246
5 256
5 259
5 261
5 262
5 270
5 273
5 278
5 284
5 286
5 300
5 303
5 309
5 317
5 319
5 324
6 5
6 6
6 7
6 8
6 9
6 15
6 43
6 73
6 94
6 107
6 131
6 173
6 175
6 178
6 183
6 196
6 197
6 200
6 202
6 207
6 213
6 232
6 234
6 235
6 238
6 256
6 261
6 300
6 309
7 6
7 7
7 13
7 15
7 43
7 73
7 93
7 94
7 95
7 129
7 131
7 132
7 162
7 170
7 178
7 183
7 192
7 196
7 197
7 198
7 200
7 204
7 207
7 213
7 215
7 228
7 231
7 234
7 238
7 256
7 262
7 269
7 273
7 278
7 284
7 286
7 300
7 325
8 5
8 6
8 8
8 9
8 13
8 15
8 33
8 39
8 40
8 43
8 46
8 54
8 73
8 88
8 94
8 95
8 97
8 107
8 128
8 131
8 132
8 133
8 134
8 135
8 162
8 170
8 173
8 175
8 178
8 183
8 195
8 196
8 200
8 202
8 204
8 213
8 215
8 216
8 226
8 232
8 234
8 238
8 245
8 246
8 247
8 256
8 259
8 269
8 270
8 278
8 284
8 294
8 324
9 5
9 6
9 8
9 9
9 10
9 13
9 15
9 43
9 46
9 54
9 73
9 88
9 90
9 93
9 94
9 95
9 96
9 107
9 131
9 134
9 135
9 169
9 173
9 175
9 178
9 183
9 196
9 207
9 231
9 234
9 235
9 238
9 256
9 259
9 262
9 270
9 273
9 281
9 300
9 309
9 325
10 9
10 10
10 12
10 17
10 23
10 25
10 32
10 34
10 36
10 39
10 40
10 43
10 47
10 48
10 49
10 52
10 70
10 71
10 78
10 83
10 86
10 92
10 97
10 100
10 104
10 105
10 106
10 120
10 136
10 142
10 150
10 151
10 155
10 161
10 169
10 172
10 173
10 174
10 176
10 186
10 191
10 194
10 196
10 208
10 212
10 214
10 227
10 229
10 230
10 272
10 289
10 319
10 320
10 327
11 0
11 1
11 11
11 12
11 29
11 30
11 32
11 38
11 44
11 51
11 58
11 74
11 75
11 76
11 77
11 78
11 79
11 80
11 81
11 82
11 83
11 85
11 89
11 90
11 109
11 111
11 115
11 116
11 117
11 118
11 119
11 120
11 121
11 122
11 123
11 124
11 125
11 130
11 140
11 147
11 154
11 175
11 181
11 184
11 186
11 187
11 194
11 217
11 267
11 312
12 0
12 10
12 11
12 12
12 17
12 30
12 32
12 36
12 37
12 38
12 40
12 44
12 47
12 51
12 53
12 68
12 74
12 75
12 76
12 78
12 79
12 80
12 82
12 86
12 90
12 100
12 109
12 115
12 117
12 118
12 122
12 125
12 135
12 138
12 169
12 267
12 289
13 5
13 7
13 8
13 9
13 13
13 15
13 23
13 39
13 43
13 46
13 54
13 55
13 88
13 90
13 93
13 94
13 96
13 107
13 128
13 133
13 134
13 135
13 170
13 173
13 175
13 178
13 181
13 186
13 197
13 202
13 204
13 207
13 213
13 223
13 224
13 226
13 234
13 235
13 238
13 256
13 259
13 262
13 270
13 273
13 284
13 300
13 309
13 325
14 14
14 15
14 128
14 131
14 162
14 163
14 178
14 196
14 197
14 200
14 203
14 232
14 234
15 5
15 6
15 7
15 8
15 9
15 13
15 14
15 15
15 24
15 31
15 39
15 40
15 43
15 46
15 54
15 73
15 87
15 90
15 107
15 128
15 129
15 131
15 132
15 133
15 134
15 135
15 137
15 160
15 162
15 163
15 169
15 173
15 175
15 181
15 186
15 191
15 196
15 197
15 198
15 199
15 200
15 201
15 202
15 204
15 213
15 214
15 215
15 223
15 224
15 226
15 231
15 234
15 238
15 254
15 256
15 261
15 269
15 279
15 284
15 286
15 303
15 309
15 317
15 322
15 324
16 1
16 16
16 17
16 23
16 36
16 40
16 44
16 64
16 78
16 86
16 122
16 136
16 139
16 158
16 277
17 10
17 12
17 16
17 23
17 25
17 32
17 36
17 39
17 47
17 53
17 54
17 66
17 74
17 78
17 86
17 100
17 120
17 142
17 150
17 155
17 158
17 161
17 174
17 183
17 191
17 214
17 299
17 319
18 2
18 3
18 4
18 18
18 19
18 20
18 21
18 24
18 41
18 42
18 62
18 101
18 102
18 114
18 164
18 165
18 211
18 217
18 264
18 276
18 301
18 307
18 310
18 314
18 318
19 2
19 3
19 4
19 18
19 19
19 20
19 21
19 24
19 41
19 42
19 61
19 62
19 63
19 101
19 102
19 114
19 164
19 165
19 211
19 217
19 264
19 296
19 302
19 308
19 314
20 2
20 3
20 4
20 18
20 19
20 20
20 21
20 24
20 31
20 39
20 41
20 42
20 54
20 60
20 61
20 62
20 63
20 74
20 90
20 92
20 101
20 102
20 114
20 164
20 165
20 196
20 211
20 242
20 243
20 258
20 264
20 293
20 301
20 302
20 307
20 309
20 310
20 314
20 318
21 2
21 3
21 4
21 18
21 19
21 20
21 21
21 24
21 41
21 42
21 60
21 61
21 62
21 63
21 101
21 102
21 114
21 164
21 165
21 211
21 242
21 264
21 293
21 301
21 302
21 307
21 310
21 314
21 326
22 22
22 23
22 35
22 36
22 37
22 40
22 45
22 47
22 49
22 51
22 52
22 53
22 74
22 76
22 86
22 91
22 98
22 100
22 109
22 110
22 126
22 127
22 136
22 138
22 139
22 140
22 141
22 142
22 143
22 145
22 146
22 148
22 149
22 150
22 151
22 152
22 153
22 154
22 155
22 156
22 157
22 158
22 321
23 10
23 13
23 16
23 17
23 22
23 23
23 35
23 36
23 37
23 45
23 49
23 51
23 52
23 53
23 73
23 86
23 91
23 93
23 94
23 95
23 96
23 100
23 109
23 110
23 126
23 127
23 136
23 138
23 139
23 140
23 141
23 142
23 143
23 148
23 149
23 150
23 151
23 152
23 153
23 154
23 155
23 156
23 157
23 170
23 174
23 196
23 197
23 201
23 245
23 246
23 273
23 312
24 2
24 3
24 4
24 15
24 18
24 19
24 20
24 21
24 24
24 31
24 39
24 41
24 42
24 54
24 55
24 61
24 62
24 63
24 90
24 92
24 101
24 102
24 114
24 128
24 135
24 141
24 164
24 165
24 169
24 186
24 191
24 211
24 217
24 236
24 242
24 249
24 252
24 264
24 276
24 293
24 296
24 301
24 302
24 307
24 308
24 310
24 314
24 318
25 0
25 10
25 17
25 25
25 39
25 40
25 49
25 50
25 51
25 64
25 66
25 67
25 71
25 86
25 93
25 98
25 100
25 104
25 105
25 108
25 115
25 126
25 128
25 131
25 134
25 139
25 142
25 160
25 166
25 171
25 172
25 173
25 174
25 176
25 179
25 191
25 194
25 196
25 208
25 213
25 214
25 221
25 229
25 233
25 244
25 258
25 275
25 288
25 298
25 304
25 305
25 326
26 30
26 44
26 58
26 223
27 27
27 28
27 54
27 55
27 77
27 103
27 168
27 169
27 186
27 187
27 205
27 206
27 223
27 224
27 257
27 260
27 263
28 27
28 28
28 31
28 43
28 54
28 55
28 56
28 57
28 58
28 59
28 103
28 113
28 119
28 134
28 168
28 184
28 186
28 189
28 205
28 206
28 223
28 224
28 225
28 257
28 260
28 263
28 274
28 283
28 323
29 0
29 11
29 29
29 30
29 74
29 75
29 78
29 80
29 89
29 111
29 117
29 119
29 121
29 124
29 125
29 131
29 196
29 273
30 0
30 1
30 11
30 12
30 26
30 29
30 30
30 32
30 38
30 51
30 56
30 57
30 74
30 75
30 76
30 77
30 78
30 79
30 80
30 81
30 82
30 83
30 84
30 85
30 89
30 111
30 115
30 116
30 117
30 118
30 119
30 120
30 121
30 122
30 124
30 125
30 130
30 169
30 181
30 185
30 189
30 196
30 223
30 265
30 267
30 285
30 312
30 315
31 3
31 4
31 15
31 20
31 24
31 28
31 31
31 39
31 41
31 43
31 44
31 46
31 54
31 55
31 57
31 58
31 74
31 79
31 82
31 90
31 92
31 100
31 103
31 113
31 134
31 135
31 165
31 168
31 169
31 184
31 186
31 187
31 191
31 205
31 206
31 222
31 223
31 224
31 233
31 234
31 257
31 260
31 264
31 274
31 313
31 323
32 1
32 10
32 11
32 12
32 17
32 30
32 32
32 44
32 75
32 78
32 79
32 83
32 115
32 117
32 118
32 120
32 121
32 122
32 125
32 184
32 312
33 8
33 33
33 54
33 169
33 187
34 10
34 34
34 35
34 39
34 40
34 48
34 49
34 50
34 54
34 64
34 68
34 100
34 105
34 159
34 163
34 166
34 172
34 176
34 180
34 182
34 186
34 194
34 208
34 214
34 221
34 230
34 239
34 258
34 275
34 287
34 295
35 22
35 23
35 34
35 35
35 39
35 47
35 52
35 54
35 64
35 65
35 66
35 67
35 68
35 70
35 71
35 72
35 75
35 86
35 100
35 117
35 139
35 176
36 0
36 10
36 12
36 16
36 17
36 22
36 23
36 36
36 37
36 45
36 52
36 53
36 68
36 74
36 86
36 91
36 109
36 110
36 126
36 127
36 136
36 138
36 139
36 140
36 141
36 142
36 146
36 150
36 151
36 153
36 154
36 155
36 156
36 158
36 214
36 240
36 282
37 12
37 22
37 23
37 36
37 37
37 45
37 52
37 53
37 91
37 109
37 126
37 127
37 136
37 138
37 139
37 141
37 148
37 149
37 150
37 151
37 153
37 154
37 155
37 156
37 223
38 0
38 11
38 12
38 30
38 38
38 40
38 44
38 75
38 86
38 117
38 139
38 142
39 8
39 10
39 13
39 15
39 17
39 20
39 24
39 25
39 31
39 34
39 35
39 39
39 40
39 41
39 46
39 48
39 49
39 50
39 54
39 55
39 56
39 57
39 65
39 70
39 78
39 86
39 90
39 92
39 97
39 98
39 100
39 102
39 104
39 105
39 106
39 108
39 110
39 116
39 134
39 135
39 139
39 159
39 160
39 161
39 166
39 168
39 169
39 171
39 172
39 173
39 174
39 176
39 179
39 180
39 182
39 186
39 190
39 191
39 194
39 208
39 214
39 220
39 221
39 222
39 229
39 230
39 233
39 237
39 239
39 241
39 244
39 247
39 248
39 266
39 275
39 287
39 292
39 295
39 305
39 316
39 319
39 320
40 8
40 10
40 12
40 15
40 16
40 22
40 25
40 34
40 38
40 39
40 40
40 47
40 48
40 49
40 52
40 54
40 68
40 71
40 75
40 86
40 92
40 100
40 105
40 106
40 115
40 116
40 117
40 134
40 135
40 139
40 159
40 160
40 161
40 169
40 172
40 176
40 182
40 194
40 222
40 233
40 244
41 2
41 3
41 4
41 18
41 19
41 20
41 21
41 24
41 31
41 39
41 41
41 42
41 54
41 62
41 90
41 101
41 102
41 112
41 114
41 135
41 164
41 165
41 211
41 236
41 252
41 257
41 264
41 296
41 313
41 314
42 2
42 3
42 4
42 18
42 19
42 20
42 21
42 24
42 41
42 102
42 114
42 164
42 165
42 211
42 264
42 296
42 314
42 318
42 326
43 5
43 6
43 7
43 8
43 9
43 10
43 13
43 15
43 28
43 31
43 43
43 46
43 73
43 86
43 87
43 90
43 93
43 94
43 95
43 107
43 129
43 131
43 132
43 133
43 134
43 135
43 163
43 170
43 173
43 177
43 178
43 183
43 186
43 193
43 195
43 196
43 197
43 198
43 200
43 202
43 204
43 207
43 213
43 215
43 226
43 232
43 234
43 238
43 245
43 246
43 256
43 259
43 261
43 262
43 269
43 279
43 284
43 309
43 317
43 319
43 322
43 325
44 0
44 1
44 11
44 12
44 16
44 26
44 31
44 32
44 38
44 44
44 51
44 54
44 56
44 58
44 83
44 113
44 124
44 136
44 223
45 22
45 23
45 36
45 37
45 45
45 52
45 53
45 74
45 91
45 109
45 127
45 136
45 138
45 139
45 140
45 141
45 143
45 148
45 149
45 150
45 151
45 154
45 158
45 186
45 282
46 5
46 8
46 9
46 13
46 15
46 31
46 39
46 43
46 46
46 90
46 93
46 94
46 96
46 122
46 131
46 169
46 175
46 177
46 178
46 195
46 202
46 216
46 226
46 234
46 235
46 256
46 259
46 260
46 273
46 284
47 10
47 12
47 17
47 22
47 35
47 40
47 47
47 48
47 49
47 52
47 53
47 64
47 65
47 66
47 67
47 68
47 70
47 71
47 72
47 75
47 86
47 100
47 104
47 106
47 110
47 139
47 172
47 176
47 185
47 208
47 214
47 237
47 255
47 320
48 10
48 34
48 39
48 40
48 47
48 48
48 49
48 54
48 65
48 70
48 71
48 98
48 99
48 100
48 104
48 105
48 106
48 159
48 161
48 166
48 169
48 172
48 174
48 176
48 180
48 190
48 191
48 194
48 208
48 212
48 214
48 220
48 221
48 222
48 233
48 241
48 244
48 247
48 285
48 287
48 295
48 299
48 305
48 320
49 10
49 22
49 23
49 25
49 34
49 39
49 40
49 47
49 48
49 49
49 52
49 54
49 64
49 72
49 76
49 85
49 90
49 92
49 98
49 100
49 106
49 109
49 135
49 139
49 160
49 161
49 166
49 169
49 172
49 174
49 176
49 179
49 180
49 182
49 185
49 191
49 194
49 208
49 212
49 214
49 220
49 241
49 255
49 275
49 280
49 292
49 295
50 25
50 34
50 39
50 50
50 51
50 52
50 67
50 86
50 98
50 106
50 143
50 166
50 174
50 176
50 191
50 199
50 208
50 239
50 247
51 0
51 11
51 12
51 22
51 23
51 25
51 30
51 44
51 50
51 51
51 67
51 74
51 75
51 77
51 78
51 80
51 86
51 98
51 111
51 115
51 117
51 120
51 127
51 139
51 142
51 143
51 166
51 174
51 181
51 208
51 229
51 280
51 315
52 10
52 22
52 23
52 35
52 36
52 37
52 40
52 45
52 47
52 49
52 50
52 52
52 53
52 76
52 91
52 100
52 105
52 109
52 110
52 126
52 127
52 136
52 138
52 139
52 140
52 141
52 142
52 143
52 144
52 145
52 146
52 147
52 149
52 150
52 151
52 154
52 155
52 156
52 158
52 214
52 251
52 311
52 321
53 12
53 17
53 22
53 23
53 36
53 37
53 45
53 47
53 52
53 53
53 73
53 91
53 109
53 110
53 116
53 126
53 127
53 136
53 138
53 139
53 140
53 141
53 142
53 143
53 145
53 146
53 148
53 149
53 150
53 151
53 152
53 153
53 154
53 155
53 156
53 157
53 158
53 197
53 245
53 277
53 311
53 312
54 3
54 4
54 8
54 9
54 13
54 15
54 17
54 20
54 24
54 27
54 28
54 31
54 33
54 34
54 35
54 39
54 40
54 41
54 44
54 48
54 49
54 54
54 55
54 56
54 57
54 65
54 68
54 70
54 72
54 74
54 75
54 80
54 90
54 92
54 97
54 100
54 101
54 102
54 104
54 105
54 106
54 116
54 117
54 134
54 135
54 159
54 160
54 166
54 168
54 169
54 172
54 173
54 176
54 180
54 182
54 186
54 187
54 189
54 191
54 194
54 202
54 206
54 211
54 214
54 220
54 221
54 222
54 229
54 233
54 245
54 247
54 255
54 271
54 275
54 299
54 307
54 316
54 317
54 324
55 13
55 24
55 27
55 28
55 31
55 39
55 54
55 55
55 56
55 57
55 58
55 59
55 90
55 92
55 103
55 104
55 112
55 113
55 119
55 122
55 135
55 168
55 169
55 186
55 189
55 191
55 205
55 206
55 218
55 219
55 223
55 225
55 240
55 250
55 260
55 263
55 274
55 283
55 313
56 1
56 28
56 30
56 39
56 44
56 54
56 55
56 58
56 74
56 79
56 90
56 92
56 124
56 135
56 168
56 181
56 186
56 223
56 224
56 257
56 260
56 274
57 28
57 30
57 31
57 39
57 54
57 55
57 58
57 74
57 79
57 119
57 168
57 181
57 186
57 191
57 205
57 223
57 257
57 260
57 274
58 1
58 11
58 26
58 28
58 31
58 44
58 55
58 56
58 57
58 58
58 59
58 74
58 79
58 82
58 103
58 119
58 120
58 122
58 139
58 168
58 181
58 184
58 186
58 205
58 206
58 218
58 219
58 223
58 224
58 225
58 240
58 250
58 257
58 260
58 265
58 274
58 283
58 290
58 298
59 28
59 55
59 58
59 110
59 113
59 119
59 168
59 181
59 186
59 206
59 223
60 2
60 3
60 4
60 20
60 21
60 60
60 61
60 62
60 63
60 164
60 165
60 209
60 210
60 301
60 302
61 2
61 3
61 4
61 19
61 20
61 21
61 24
61 60
61 61
61 62
61 63
61 164
61 165
61 264
61 293
61 301
61 302
61 307
61 326
61 328
62 2
62 3
62 4
62 18
62 19
62 20
62 21
62 24
62 41
62 60
62 61
62 62
62 63
62 101
62 114
62 164
62 165
62 242
62 243
62 264
62 293
62 296
62 301
62 302
62 310
62 326
62 328
63 2
63 3
63 4
63 19
63 20
63 21
63 24
63 60
63 61
63 62
63 63
63 101
63 102
63 114
63 165
63 209
63 210
63 211
63 242
63 293
63 301
63 302
64 16
64 25
64 34
64 35
64 47
64 49
64 64
64 65
64 66
64 68
64 71
64 72
64 74
64 179
64 196
65 35
65 39
65 47
65 48
65 54
65 64
65 65
65 66
65 67
65 68
65 69
65 70
65 71
65 72
65 104
65 148
65 169
66 1
66 17
66 25
66 35
66 47
66 64
66 65
66 66
66 67
66 68
66 70
66 71
66 72
66 75
66 100
66 110
66 139
66 159
66 169
66 214
67 25
67 35
67 47
67 50
67 51
67 65
67 66
67 67
67 68
67 71
67 72
67 98
67 142
67 166
67 174
67 196
67 229
68 12
68 34
68 35
68 36
68 40
68 47
68 54
68 64
68 65
68 66
68 67
68 68
68 69
68 70
68 71
68 72
68 74
68 75
68 86
68 90
68 100
68 156
68 186
68 191
69 65
69 68
69 71
69 229
69 248
70 10
70 35
70 39
70 47
70 48
70 54
70 65
70 66
70 68
70 71
70 90
70 100
70 105
70 108
70 110
70 138
70 139
71 10
71 25
71 35
71 40
71 47
71 48
71 64
71 65
71 66
71 67
71 68
71 69
71 70
71 71
71 72
71 86
71 100
71 104
71 105
71 106
71 108
71 115
71 172
71 174
71 208
71 320
71 327
72 35
72 47
72 49
72 54
72 64
72 65
72 66
72 67
72 68
72 71
72 72
72 139
73 5
73 6
73 7
73 8
73 9
73 15
73 23
73 43
73 53
73 73
73 87
73 88
73 93
73 94
73 95
73 126
73 129
73 131
73 132
73 133
73 163
73 170
73 175
73 178
73 183
73 186
73 192
73 195
73 196
73 197
73 201
73 213
73 215
73 228
73 238
73 245
73 246
73 270
73 273
73 278
73 300
73 317
73 322
73 324
73 325
74 0
74 1
74 11
74 12
74 17
74 20
74 22
74 29
74 30
74 31
74 36
74 45
74 51
74 54
74 56
74 57
74 58
74 64
74 68
74 74
74 75
74 77
74 78
74 79
74 80
74 82
74 84
74 89
74 90
74 109
74 110
74 111
74 117
74 119
74 121
74 122
74 124
74 130
74 139
74 164
74 174
74 181
74 223
74 265
74 283
74 315
75 0
75 1
75 11
75 12
75 29
75 30
75 32
75 35
75 38
75 40
75 47
75 51
75 54
75 66
75 68
75 74
75 75
75 76
75 77
75 78
75 79
75 80
75 81
75 82
75 83
75 85
75 89
75 90
75 111
75 115
75 116
75 117
75 118
75 119
75 120
75 121
75 122
75 123
75 124
75 125
75 130
75 181
75 223
75 267
75 312
76 11
76 12
76 22
76 30
76 49
76 52
76 75
76 79
76 86
76 100
76 117
76 122
76 139
77 11
77 27
77 30
77 51
77 74
77 75
77 77
77 80
77 139
78 0
78 1
78 10
78 11
78 12
78 16
78 17
78 29
78 30
78 32
78 39
78 51
78 74
78 75
78 79
78 80
78 81
78 82
78 83
78 89
78 90
78 92
78 100
78 117
78 118
78 120
78 121
78 122
78 124
78 125
78 161
78 169
78 181
78 185
78 189
78 194
78 214
78 223
79 0
79 1
79 5
79 11
79 12
79 30
79 31
79 32
79 56
79 57
79 58
79 74
79 75
79 76
79 78
79 79
79 80
79 82
79 83
79 84
79 90
79 92
79 117
79 118
79 119
79 120
79 122
79 123
79 124
79 130
79 135
79 181
79 184
79 221
79 265
79 267
79 315
80 0
80 11
80 12
80 29
80 30
80 51
80 54
80 74
80 75
80 77
80 78
80 79
80 80
80 82
80 83
80 85
80 92
80 117
80 119
80 121
80 122
80 124
80 125
80 135
80 181
80 185
80 189
80 255
81 1
81 11
81 30
81 75
81 78
81 81
81 92
81 117
81 135
81 185
82 1
82 11
82 12
82 30
82 31
82 58
82 74
82 75
82 78
82 79
82 80
82 82
82 83
82 117
82 119
82 120
82 122
82 181
83 0
83 10
83 11
83 30
83 32
83 44
83 75
83 78
83 79
83 80
83 82
83 84
83 85
83 86
83 92
83 98
83 115
83 117
83 121
83 122
83 125
83 135
83 151
83 169
83 174
83 181
83 267
84 30
84 74
84 79
84 83
84 84
84 139
85 11
85 30
85 49
85 75
85 80
85 83
85 100
85 117
85 120
85 122
85 139
85 176
86 1
86 10
86 12
86 16
86 17
86 22
86 23
86 25
86 35
86 36
86 38
86 39
86 40
86 43
86 47
86 50
86 51
86 68
86 71
86 76
86 83
86 86
86 93
86 94
86 95
86 98
86 100
86 105
86 106
86 108
86 120
86 126
86 127
86 131
86 136
86 142
86 158
86 166
86 172
86 174
86 176
86 179
86 186
86 190
86 191
86 194
86 196
86 197
86 199
86 208
86 213
86 214
86 227
86 229
86 239
86 246
86 247
86 271
86 273
86 294
86 305
86 312
86 320
86 327
87 5
87 15
87 43
87 73
87 87
87 88
87 95
87 112
87 170
87 173
87 196
87 197
87 202
87 216
87 246
87 254
87 286
87 309
88 5
88 8
88 9
88 13
88 73
88 87
88 93
88 96
88 131
88 196
88 204
88 213
88 232
88 235
88 256
88 270
88 273
89 0
89 11
89 29
89 30
89 74
89 75
89 78
89 111
89 117
89 119
89 125
89 130
89 181
89 223
89 267
90 2
90 3
90 5
90 9
90 11
90 12
90 13
90 15
90 20
90 24
90 31
90 39
90 41
90 43
90 46
90 49
90 54
90 55
90 56
90 68
90 70
90 74
90 75
90 78
90 79
90 90
90 92
90 100
90 102
90 110
90 118
90 134
90 135
90 139
90 149
90 154
90 160
90 163
90 169
90 170
90 173
90 174
90 175
90 181
90 182
90 186
90 187
90 194
90 203
90 204
90 216
90 221
90 224
90 234
90 245
90 256
90 261
90 283
90 286
90 303
90 309
91 0
91 1
91 22
91 23
91 36
91 37
91 45
91 52
91 53
91 91
91 109
91 110
91 126
91 127
91 136
91 138
91 139
91 141
91 148
91 151
91 154
91 155
91 156
91 214
91 282
92 3
92 4
92 10
92 20
92 24
92 31
92 39
92 40
92 49
92 54
92 55
92 56
92 78
92 79
92 80
92 81
92 83
92 90
92 92
92 100
92 104
92 105
92 110
92 116
92 120
92 122
92 134
92 135
92 160
92 165
92 169
92 171
92 176
92 186
92 187
92 194
92 220
92 233
92 271
92 292
93 5
93 7
93 9
93 13
93 23
93 25
93 43
93 46
93 73
93 86
93 88
93 93
93 94
93 95
93 96
93 131
93 132
93 162
93 174
93 175
93 178
93 196
93 197
93 198
93 207
93 234
93 235
93 246
93 256
93 270
93 273
93 294
93 300
93 309
94 5
94 6
94 7
94 8
94 9
94 13
94 23
94 43
94 46
94 73
94 86
94 93
94 94
94 95
94 96
94 132
94 133
94 163
94 174
94 177
94 178
94 183
94 196
94 198
94 201
94 213
94 215
94 226
94 235
94 246
94 256
94 262
94 273
94 294
94 300
94 309
94 325
95 0
95 5
95 7
95 8
95 9
95 23
95 43
95 73
95 86
95 87
95 93
95 94
95 95
95 96
95 128
95 131
95 163
95 174
95 175
95 183
95 196
95 198
95 213
95 226
95 231
95 246
95 278
95 284
95 294
96 9
96 13
96 23
96 46
96 88
96 93
96 94
96 95
96 96
96 132
96 183
96 196
96 235
96 246
96 256
96 259
96 262
96 270
96 273
97 8
97 10
97 39
97 54
97 100
97 169
97 172
97 191
97 194
97 208
97 247
98 22
98 25
98 39
98 48
98 49
98 50
98 51
98 67
98 83
98 86
98 98
98 99
98 136
98 166
98 172
98 174
98 176
98 180
98 194
98 208
98 214
98 220
98 229
98 287
98 295
98 304
98 305
99 48
99 98
99 99
99 109
99 160
99 172
99 223
99 233
100 1
100 10
100 12
100 17
100 22
100 23
100 25
100 31
100 34
100 35
100 39
100 40
100 47
100 48
100 49
100 52
100 54
100 66
100 68
100 70
100 71
100 76
100 78
100 85
100 86
100 90
100 92
100 97
100 100
100 104
100 105
100 106
100 108
100 110
100 134
100 139
100 149
100 169
100 172
100 173
100 174
100 176
100 180
100 182
100 186
100 191
100 194
100 208
100 212
100 214
100 221
100 227
100 237
100 255
100 272
100 280
100 295
100 299
100 316
100 319
101 2
101 3
101 4
101 18
101 19
101 20
101 21
101 24
101 41
101 54
101 62
101 63
101 101
101 102
101 114
101 164
101 165
101 211
101 236
101 264
101 276
101 307
101 314
101 326
102 2
102 3
102 4
102 18
102 19
102 20
102 21
102 24
102 39
102 41
102 42
102 54
102 63
102 90
102 101
102 102
102 114
102 164
102 165
102 191
102 211
102 217
102 236
102 252
102 264
102 296
102 314
103 27
103 28
103 31
103 55
103 58
103 112
103 113
103 168
103 206
103 218
103 223
103 291
104 10
104 25
104 39
104 47
104 48
104 54
104 55
104 65
104 71
104 92
104 100
104 104
104 105
104 108
104 109
104 169
104 172
104 190
104 194
104 208
104 214
104 230
104 233
104 237
104 266
104 272
104 299
104 320
105 10
105 25
105 34
105 39
105 40
105 48
105 52
105 54
105 70
105 71
105 86
105 92
105 100
105 104
105 105
105 108
105 161
105 176
105 180
105 182
105 194
105 220
105 221
106 10
106 39
106 40
106 47
106 48
106 49
106 50
106 54
106 71
106 86
106 100
106 106
106 109
106 139
106 150
106 172
106 176
106 190
106 191
106 194
106 208
106 212
106 221
106 247
106 299
106 327
107 6
107 8
107 9
107 13
107 15
107 43
107 107
107 133
107 134
107 135
107 137
107 196
107 202
107 204
107 213
107 216
107 256
107 284
107 286
107 309
108 25
108 39
108 70
108 71
108 86
108 100
108 104
108 105
108 108
108 139
108 160
108 171
108 179
108 194
108 214
108 221
108 237
109 11
109 12
109 22
109 23
109 36
109 37
109 45
109 49
109 52
109 53
109 74
109 91
109 99
109 104
109 106
109 109
109 110
109 116
109 119
109 121
109 122
109 125
109 126
109 127
109 130
109 136
109 138
109 139
109 140
109 141
109 142
109 143
109 144
109 145
109 146
109 147
109 148
109 149
109 150
109 151
109 152
109 153
109 154
109 155
109 156
109 157
109 158
109 176
109 181
109 191
109 239
109 241
109 251
109 321
110 22
110 23
110 36
110 39
110 47
110 52
110 53
110 59
110 66
110 70
110 74
110 90
110 91
110 92
110 100
110 109
110 110
110 126
110 127
110 138
110 139
110 140
110 141
110 142
110 146
110 148
110 149
110 150
110 151
110 153
110 154
110 156
110 158
110 169
110 186
110 214
110 223
110 277
111 0
111 11
111 29
111 30
111 51
111 74
111 75
111 89
111 117
111 119
111 124
111 130
111 267
111 315
112 41
112 55
112 87
112 103
112 113
112 186
112 218
112 223
112 225
112 264
113 28
113 31
113 44
113 55
113 59
113 103
113 112
113 113
113 168
113 186
113 205
113 206
113 223
113 225
113 270
113 274
114 2
114 4
114 18
114 19
114 20
114 21
114 24
114 41
114 42
114 62
114 63
114 101
114 102
114 114
114 164
114 165
114 209
114 210
114 211
114 264
114 276
114 296
114 307
114 310
114 314
114 326
115 11
115 12
115 25
115 30
115 32
115 40
115 51
115 71
115 75
115 83
115 115
115 118
115 122
115 125
115 138
115 267
115 312
116 2
116 11
116 30
116 39
116 40
116 53
116 54
116 75
116 92
116 109
116 116
116 126
116 138
116 141
116 151
116 154
116 157
116 173
116 217
116 314
117 0
117 11
117 12
117 29
117 30
117 32
117 35
117 38
117 40
117 51
117 54
117 74
117 75
117 76
117 78
117 79
117 80
117 81
117 82
117 83
117 85
117 89
117 111
117 117
117 118
117 119
117 120
117 121
117 122
117 124
117 125
117 130
117 223
117 312
117 315
118 1
118 11
118 12
118 30
118 32
118 75
118 78
118 79
118 90
118 115
118 117
118 121
118 122
118 125
118 135
119 11
119 28
119 29
119 30
119 55
119 57
119 58
119 59
119 74
119 75
119 79
119 80
119 82
119 89
119 109
119 111
119 117
119 120
119 130
119 181
119 263
119 315
120 10
120 11
120 17
120 30
120 32
120 51
120 58
120 75
120 78
120 79
120 82
120 85
120 86
120 92
120 117
120 119
120 122
120 125
120 139
120 306
121 0
121 11
121 29
121 30
121 32
121 74
121 75
121 78
121 80
121 83
121 109
121 117
121 118
121 121
121 125
121 248
122 11
122 12
122 16
122 30
122 32
122 46
122 55
122 58
122 74
122 75
122 76
122 78
122 79
122 80
122 82
122 83
122 85
122 92
122 109
122 115
122 117
122 118
122 120
122 122
122 125
122 135
122 168
122 285
122 312
123 11
123 75
123 79
124 0
124 1
124 11
124 29
124 30
124 44
124 56
124 74
124 75
124 78
124 79
124 80
124 111
124 117
124 124
124 130
124 139
124 141
124 181
124 185
124 223
124 265
124 315
125 1
125 11
125 12
125 29
125 30
125 32
125 75
125 78
125 80
125 83
125 89
125 109
125 115
125 117
125 118
125 120
125 121
125 122
125 150
126 22
126 23
126 25
126 36
126 37
126 52
126 53
126 73
126 86
126 91
126 109
126 110
126 116
126 126
126 127
126 136
126 138
126 139
126 141
126 142
126 143
126 150
126 151
126 152
126 154
126 155
126 157
126 158
126 174
126 251
126 280
126 321
127 22
127 23
127 36
127 37
127 45
127 51
127 52
127 53
127 86
127 91
127 109
127 110
127 126
127 127
127 136
127 138
127 139
127 140
127 141
127 142
127 143
127 145
127 146
127 148
127 149
127 150
127 151
127 152
127 153
127 154
127 155
127 156
127 157
127 158
127 174
127 268
127 321
128 5
128 8
128 13
128 14
128 15
128 24
128 25
128 95
128 175
128 183
128 226
128 228
128 231
128 259
128 278
128 284
129 5
129 7
129 15
129 43
129 73
129 131
129 132
129 162
129 163
129 170
129 192
129 196
129 197
129 198
129 200
129 202
129 203
129 204
129 212
129 213
129 215
129 246
129 269
129 270
129 273
129 278
130 11
130 30
130 74
130 75
130 79
130 89
130 109
130 111
130 117
130 119
130 124
130 150
131 5
131 6
131 7
131 8
131 9
131 14
131 15
131 25
131 29
131 43
131 46
131 73
131 86
131 88
131 93
131 95
131 129
131 131
131 137
131 162
131 163
131 178
131 181
131 183
131 196
131 197
131 198
131 199
131 200
131 201
131 202
131 203
131 204
131 207
131 213
131 216
131 232
131 234
131 238
131 245
131 246
131 269
131 270
131 273
131 279
131 286
131 300
131 309
131 317
132 5
132 7
132 8
132 15
132 43
132 73
132 93
132 94
132 96
132 129
132 132
132 133
132 170
132 178
132 183
132 195
132 196
132 197
132 200
132 202
132 213
132 215
132 228
132 234
132 235
132 246
132 261
132 269
132 270
132 273
132 284
132 322
133 4
133 5
133 8
133 13
133 15
133 43
133 73
133 94
133 107
133 132
133 133
133 173
133 175
133 177
133 178
133 196
133 223
133 234
133 235
133 284
133 322
134 5
134 8
134 9
134 13
134 15
134 25
134 28
134 31
134 39
134 40
134 43
134 54
134 90
134 92
134 100
134 107
134 134
134 135
134 160
134 170
134 173
134 175
134 181
134 183
134 186
134 189
134 191
134 193
134 195
134 196
134 204
134 215
134 223
134 234
134 245
134 256
134 259
134 309
134 324
135 5
135 8
135 9
135 12
135 13
135 15
135 24
135 31
135 39
135 40
135 41
135 43
135 49
135 54
135 55
135 56
135 79
135 80
135 81
135 83
135 90
135 92
135 107
135 118
135 122
135 134
135 135
135 139
135 160
135 169
135 170
135 173
135 174
135 177
135 191
135 204
135 216
135 234
135 245
135 261
135 286
135 292
135 303
136 0
136 1
136 10
136 16
136 22
136 23
136 36
136 37
136 44
136 45
136 52
136 53
136 86
136 91
136 98
136 109
136 126
136 127
136 136
136 138
136 139
136 141
136 148
136 151
136 152
136 153
136 154
136 155
136 156
136 158
136 174
136 306
137 5
137 15
137 107
137 131
137 137
137 162
137 163
137 175
137 183
137 197
137 198
137 199
137 200
137 201
137 202
137 203
137 204
137 215
137 309
138 12
138 22
138 23
138 36
138 37
138 45
138 52
138 53
138 70
138 91
138 109
138 110
138 115
138 116
138 126
138 127
138 136
138 138
138 139
138 140
138 141
138 142
138 146
138 148
138 149
138 150
138 151
138 152
138 153
138 154
138 155
138 156
138 158
138 277
138 306
138 311
139 0
139 1
139 16
139 22
139 23
139 25
139 35
139 36
139 37
139 38
139 39
139 40
139 45
139 47
139 49
139 51
139 52
139 53
139 58
139 66
139 70
139 72
139 74
139 76
139 77
139 84
139 85
139 90
139 91
139 100
139 106
139 108
139 109
139 110
139 120
139 124
139 126
139 127
139 135
139 136
139 138
139 139
139 140
139 141
139 142
139 143
139 144
139 145
139 146
139 147
139 148
139 149
139 150
139 151
139 152
139 153
139 154
139 155
139 156
139 157
139 158
139 161
139 176
139 180
139 182
139 185
139 191
139 214
139 229
139 237
139 280
139 282
139 285
139 312
139 321
140 11
140 22
140 23
140 36
140 45
140 52
140 53
140 109
140 110
140 127
140 138
140 139
140 140
140 141
140 146
140 148
140 149
140 151
140 154
140 158
141 22
141 23
141 24
141 36
141 37
141 45
141 52
141 53
141 91
141 109
141 110
141 116
141 124
141 126
141 127
141 136
141 138
141 139
141 140
141 141
141 142
141 143
141 144
141 145
141 146
141 147
141 148
141 149
141 150
141 151
141 152
141 153
141 154
141 155
141 156
141 157
141 158
141 251
141 277
142 0
142 10
142 17
142 22
142 23
142 25
142 36
142 38
142 51
142 52
142 53
142 67
142 86
142 109
142 110
142 126
142 127
142 138
142 139
142 141
142 142
142 143
142 146
142 148
142 151
142 152
142 154
142 157
142 158
142 174
142 229
143 22
143 23
143 45
143 50
143 51
143 52
143 53
143 109
143 126
143 127
143 139
143 141
143 142
143 143
143 148
143 151
143 152
143 154
143 155
143 158
143 208
144 52
144 109
144 139
144 141
144 144
145 22
145 52
145 53
145 109
145 127
145 139
145 141
145 148
145 149
145 151
145 154
146 22
146 36
146 52
146 53
146 109
146 110
146 127
146 138
146 139
146 140
146 141
146 142
146 146
146 148
146 150
146 151
146 154
146 155
146 156
147 11
147 52
147 109
147 139
147 141
147 154
148 22
148 23
148 37
148 45
148 53
148 65
148 91
148 109
148 110
148 127
148 136
148 138
148 139
148 140
148 141
148 142
148 143
148 145
148 146
148 148
148 149
148 150
148 151
148 153
148 154
148 155
148 156
148 212
148 260
148 308
149 22
149 23
149 37
149 45
149 52
149 53
149 90
149 100
149 109
149 110
149 127
149 138
149 139
149 140
149 141
149 145
149 148
149 149
149 151
149 154
149 155
150 10
150 17
150 22
150 23
150 36
150 37
150 45
150 52
150 53
150 106
150 109
150 110
150 125
150 126
150 127
150 130
150 138
150 139
150 141
150 146
150 148
150 150
150 151
150 152
150 154
150 155
150 156
150 158
150 191
150 241
150 247
150 251
151 10
151 22
151 23
151 36
151 37
151 45
151 52
151 53
151 83
151 91
151 109
151 110
151 116
151 126
151 127
151 136
151 138
151 139
151 140
151 141
151 142
151 143
151 145
151 146
151 148
151 149
151 150
151 151
151 152
151 153
151 154
151 155
151 156
151 157
151 158
151 181
151 214
152 22
152 23
152 53
152 109
152 126
152 127
152 136
152 138
152 139
152 141
152 142
152 143
152 150
152 151
152 152
152 154
152 172
153 22
153 23
153 36
153 37
153 53
153 109
153 110
153 127
153 136
153 138
153 139
153 141
153 148
153 151
153 153
153 154
154 11
154 22
154 23
154 36
154 37
154 45
154 52
154 53
154 90
154 91
154 109
154 110
154 116
154 126
154 127
154 136
154 138
154 139
154 140
154 141
154 142
154 143
154 145
154 146
154 147
154 148
154 149
154 150
154 151
154 152
154 153
154 154
154 155
154 156
154 157
154 158
154 170
154 186
154 277
154 321
155 10
155 17
155 22
155 23
155 36
155 37
155 52
155 53
155 91
155 109
155 126
155 127
155 136
155 138
155 139
155 141
155 143
155 146
155 148
155 149
155 150
155 151
155 154
155 155
155 158
155 191
155 251
155 321
156 22
156 23
156 36
156 37
156 52
156 53
156 68
156 91
156 109
156 110
156 127
156 136
156 138
156 139
156 141
156 146
156 148
156 150
156 151
156 154
156 156
156 157
156 277
157 22
157 23
157 53
157 109
157 116
157 126
157 127
157 139
157 141
157 142
157 151
157 154
157 156
158 16
158 17
158 22
158 36
158 45
158 52
158 53
158 86
158 109
158 110
158 126
158 127
158 136
158 138
158 139
158 140
158 141
158 142
158 143
158 150
158 151
158 154
158 155
158 158
158 180
158 277
158 306
158 311
159 34
159 39
159 40
159 48
159 54
159 66
159 160
159 174
159 176
159 179
159 194
159 214
159 220
159 221
159 295
160 15
160 25
160 39
160 40
160 49
160 54
160 90
160 92
160 99
160 108
160 134
160 135
160 159
160 160
160 171
160 172
160 173
160 179
160 194
160 214
160 220
160 221
160 229
160 233
160 244
160 258
160 271
160 275
160 288
160 304
161 10
161 17
161 39
161 40
161 48
161 49
161 78
161 105
161 139
161 161
161 171
161 172
161 186
161 194
161 214
161 220
161 295
162 5
162 7
162 8
162 14
162 15
162 93
162 129
162 131
162 137
162 162
162 163
162 183
162 196
162 197
162 198
162 199
162 200
162 201
162 202
162 203
162 204
162 213
162 246
162 261
162 269
162 278
163 5
163 14
163 15
163 34
163 43
163 73
163 90
163 94
163 95
163 129
163 131
163 137
163 162
163 183
163 196
163 197
163 200
163 201
163 202
163 203
163 204
163 213
163 214
163 232
163 309
164 2
164 3
164 4
164 18
164 19
164 20
164 21
164 24
164 41
164 42
164 60
164 61
164 62
164 74
164 101
164 102
164 114
164 164
164 165
164 186
164 209
164 210
164 211
164 236
164 242
164 243
164 249
164 264
164 301
164 302
164 307
164 314
164 326
165 2
165 3
165 4
165 18
165 19
165 20
165 21
165 24
165 31
165 41
165 42
165 60
165 61
165 62
165 63
165 92
165 101
165 102
165 114
165 164
165 165
165 186
165 211
165 242
165 243
165 249
165 264
165 293
165 301
165 302
165 307
165 310
165 318
166 25
166 34
166 39
166 48
166 49
166 50
166 51
166 54
166 67
166 86
166 98
166 166
166 172
166 174
166 176
166 180
166 194
166 208
166 214
166 220
166 229
166 275
166 295
166 305
167 167
167 253
167 268
168 27
168 28
168 31
168 39
168 54
168 55
168 56
168 57
168 58
168 59
168 103
168 113
168 122
168 184
168 186
168 189
168 205
168 206
168 223
168 240
168 274
168 283
169 9
169 10
169 12
169 15
169 24
169 27
169 30
169 31
169 33
169 39
169 40
169 46
169 48
169 49
169 54
169 55
169 65
169 66
169 78
169 83
169 90
169 92
169 97
169 100
169 104
169 110
169 135
169 169
169 176
169 185
169 186
169 187
169 194
169 214
169 220
169 247
169 255
169 275
169 287
170 5
170 7
170 8
170 13
170 23
170 43
170 73
170 87
170 90
170 129
170 132
170 134
170 135
170 154
170 170
170 173
170 178
170 179
170 181
170 183
170 186
170 192
170 193
170 195
170 196
170 202
170 213
170 215
170 232
170 254
170 286
170 309
171 4
171 25
171 39
171 92
171 108
171 160
171 161
171 171
171 172
171 173
171 179
171 194
171 214
171 221
171 229
171 233
171 258
171 271
171 275
171 288
171 304
172 10
172 25
172 34
172 39
172 40
172 47
172 48
172 49
172 54
172 71
172 86
172 97
172 98
172 99
172 100
172 104
172 106
172 152
172 160
172 161
172 166
172 171
172 172
172 174
172 176
172 179
172 180
172 191
172 194
172 214
172 229
172 233
172 237
172 275
172 305
172 324
173 4
173 5
173 6
173 8
173 9
173 10
173 13
173 15
173 25
173 39
173 43
173 54
173 87
173 90
173 100
173 116
173 133
173 134
173 135
173 160
173 170
173 171
173 173
173 175
173 191
173 196
173 199
173 202
173 204
173 221
173 231
173 234
173 261
173 262
173 286
173 309
173 324
174 10
174 17
174 23
174 25
174 39
174 48
174 49
174 50
174 51
174 67
174 71
174 74
174 83
174 86
174 90
174 93
174 94
174 95
174 98
174 100
174 126
174 127
174 135
174 136
174 142
174 159
174 166
174 172
174 174
174 176
174 179
174 180
174 194
174 196
174 197
174 208
174 214
174 220
174 229
174 246
174 256
174 295
174 298
174 305
175 6
175 8
175 9
175 11
175 13
175 15
175 46
175 73
175 90
175 93
175 95
175 128
175 133
175 134
175 137
175 173
175 183
175 186
175 196
175 202
175 204
175 215
175 232
175 234
175 238
175 245
175 246
175 254
175 256
175 259
175 269
175 270
175 273
175 278
175 279
175 284
176 1
176 10
176 25
176 34
176 35
176 39
176 40
176 47
176 48
176 49
176 50
176 54
176 85
176 86
176 92
176 98
176 100
176 105
176 106
176 109
176 139
176 159
176 166
176 169
176 172
176 174
176 176
176 180
176 182
176 194
176 208
176 214
176 220
176 221
176 222
176 233
176 244
176 247
176 248
176 271
176 275
176 295
177 5
177 43
177 46
177 94
177 133
177 135
177 178
177 183
177 192
177 195
177 228
177 232
177 234
178 5
178 6
178 7
178 8
178 9
178 13
178 14
178 43
178 46
178 73
178 93
178 94
178 131
178 132
178 133
178 170
178 177
178 178
178 183
178 192
178 196
178 197
178 199
178 200
178 204
178 215
178 232
178 234
178 235
178 238
178 246
178 254
178 256
178 259
178 270
178 300
178 309
179 25
179 39
179 49
179 64
179 86
179 108
179 159
179 160
179 170
179 171
179 172
179 174
179 179
179 194
179 212
179 214
179 229
179 233
179 305
180 34
180 39
180 48
180 49
180 54
180 98
180 100
180 105
180 139
180 158
180 166
180 172
180 174
180 176
180 180
180 191
180 194
180 208
180 214
180 220
180 221
180 233
180 244
180 248
180 255
180 275
180 287
180 295
181 0
181 1
181 11
181 13
181 15
181 30
181 51
181 56
181 57
181 58
181 59
181 74
181 75
181 78
181 79
181 80
181 82
181 83
181 89
181 90
181 109
181 119
181 124
181 131
181 134
181 151
181 170
181 182
181 184
181 186
181 195
181 196
181 223
181 231
181 256
182 34
182 39
182 40
182 49
182 54
182 90
182 100
182 105
182 139
182 176
182 181
182 182
182 194
182 212
182 227
182 230
182 247
182 299
183 5
183 6
183 7
183 8
183 9
183 17
183 43
183 73
183 94
183 95
183 96
183 128
183 131
183 132
183 134
183 137
183 162
183 163
183 170
183 175
183 177
183 178
183 183
183 192
183 193
183 195
183 196
183 197
183 198
183 202
183 204
183 207
183 213
183 215
183 226
183 245
183 246
183 254
183 278
183 284
183 294
183 309
184 11
184 28
184 31
184 32
184 58
184 79
184 168
184 181
184 206
184 223
185 30
185 47
185 49
185 78
185 80
185 81
185 124
185 139
185 169
186 3
186 10
186 11
186 13
186 15
186 24
186 27
186 28
186 31
186 34
186 39
186 43
186 45
186 54
186 55
186 56
186 57
186 58
186 59
186 68
186 73
186 86
186 90
186 92
186 100
186 110
186 112
186 113
186 134
186 154
186 161
186 164
186 165
186 168
186 169
186 170
186 175
186 181
186 186
186 187
186 194
186 196
186 205
186 206
186 218
186 223
186 224
186 225
186 240
186 250
186 260
186 283
187 11
187 27
187 31
187 33
187 54
187 90
187 92
187 169
187 186
187 187
187 188
187 194
187 257
188 187
189 28
189 30
189 54
189 55
189 78
189 80
189 134
189 168
189 189
189 205
189 206
189 223
189 224
189 260
189 263
190 39
190 48
190 86
190 104
190 106
190 190
190 208
190 230
190 237
190 266
190 299
190 320
191 10
191 15
191 17
191 24
191 25
191 31
191 39
191 48
191 49
191 50
191 54
191 55
191 57
191 68
191 86
191 97
191 100
191 102
191 106
191 109
191 134
191 135
191 139
191 150
191 155
191 172
191 173
191 180
191 191
191 194
191 247
191 258
191 275
192 7
192 73
192 129
192 170
192 177
192 178
192 183
192 192
192 193
192 195
192 196
192 215
192 228
192 319
193 43
193 134
193 170
193 183
193 192
193 195
193 196
193 197
193 215
193 319
194 10
194 11
194 25
194 34
194 39
194 40
194 48
194 49
194 54
194 78
194 86
194 90
194 92
194 97
194 98
194 100
194 104
194 105
194 106
194 108
194 159
194 160
194 161
194 166
194 169
194 171
194 172
194 174
194 176
194 179
194 180
194 182
194 186
194 187
194 191
194 208
194 212
194 214
194 221
194 229
194 230
194 233
194 237
194 241
194 244
194 247
194 266
194 288
194 297
194 304
194 316
195 8
195 43
195 46
195 73
195 132
195 134
195 170
195 177
195 181
195 183
195 192
195 193
195 195
195 196
195 204
195 215
195 245
195 319
196 0
196 5
196 6
196 7
196 8
196 9
196 10
196 14
196 15
196 20
196 23
196 25
196 29
196 30
196 43
196 64
196 67
196 73
196 86
196 87
196 88
196 93
196 94
196 95
196 96
196 107
196 129
196 131
196 132
196 133
196 134
196 162
196 163
196 170
196 173
196 174
196 175
196 178
196 181
196 183
196 186
196 192
196 193
196 195
196 197
196 198
196 199
196 201
196 204
196 213
196 214
196 215
196 229
196 234
196 238
196 245
196 246
196 270
196 273
196 274
196 278
196 286
196 294
196 309
196 319
196 324
197 5
197 6
197 7
197 13
197 14
197 15
197 23
197 43
197 53
197 73
197 86
197 87
197 93
197 129
197 131
197 132
197 137
197 162
197 163
197 174
197 178
197 183
197 193
197 196
197 197
197 198
197 199
197 200
197 201
197 202
197 203
197 204
197 207
197 213
197 215
197 232
197 245
197 246
197 254
197 269
197 270
197 273
197 286
197 317
197 319
198 5
198 7
198 15
198 43
198 93
198 94
198 95
198 129
198 131
198 137
198 162
198 183
198 196
198 197
198 199
198 200
198 202
198 204
198 213
198 234
198 269
199 15
199 50
199 86
199 131
199 137
199 162
199 173
199 178
199 196
199 197
199 198
199 202
199 234
200 5
200 6
200 7
200 8
200 14
200 15
200 43
200 129
200 131
200 132
200 137
200 162
200 163
200 178
200 197
200 198
200 200
200 201
200 202
200 203
200 204
200 215
200 256
201 15
201 23
201 73
201 94
201 131
201 137
201 162
201 163
201 196
201 197
201 200
201 204
202 5
202 6
202 8
202 13
202 15
202 43
202 46
202 54
202 87
202 107
202 129
202 131
202 132
202 137
202 162
202 163
202 170
202 173
202 175
202 183
202 197
202 198
202 199
202 200
202 202
202 204
202 207
202 213
202 215
202 234
202 262
202 269
202 286
202 309
203 14
203 90
203 129
203 131
203 137
203 162
203 163
203 197
203 200
203 213
203 256
204 2
204 5
204 7
204 8
204 13
204 15
204 43
204 88
204 90
204 107
204 129
204 131
204 134
204 135
204 137
204 162
204 163
204 173
204 175
204 178
204 183
204 195
204 196
204 197
204 198
204 200
204 201
204 202
204 204
204 207
204 215
204 256
204 261
204 262
204 269
204 286
204 309
204 317
204 324
205 27
205 28
205 31
205 55
205 57
205 58
205 113
205 168
205 186
205 189
205 206
205 223
205 224
205 240
205 257
205 260
205 274
205 283
206 27
206 28
206 31
206 54
206 55
206 58
206 59
206 103
206 113
206 168
206 184
206 186
206 189
206 205
206 206
206 219
206 223
206 225
206 260
206 263
206 274
206 283
206 323
207 5
207 6
207 7
207 9
207 13
207 43
207 93
207 131
207 183
207 197
207 202
207 204
207 207
207 213
207 256
207 262
207 284
208 10
208 25
208 34
208 39
208 47
208 48
208 49
208 50
208 51
208 71
208 86
208 97
208 98
208 100
208 104
208 106
208 143
208 166
208 174
208 176
208 180
208 190
208 194
208 208
208 214
208 229
208 237
208 258
208 295
208 297
209 2
209 60
209 63
209 114
209 164
209 209
209 210
210 2
210 60
210 63
210 114
210 164
210 209
210 210
211 2
211 3
211 4
211 18
211 19
211 20
211 21
211 24
211 41
211 42
211 54
211 63
211 101
211 102
211 114
211 164
211 165
211 211
211 217
211 236
211 252
211 264
211 296
211 302
211 307
212 10
212 48
212 49
212 100
212 106
212 129
212 148
212 179
212 182
212 194
212 221
212 272
213 5
213 6
213 7
213 8
213 13
213 15
213 25
213 43
213 73
213 86
213 88
213 94
213 95
213 107
213 129
213 131
213 132
213 162
213 163
213 170
213 183
213 196
213 197
213 198
213 202
213 203
213 207
213 213
213 215
213 238
213 245
213 269
213 270
213 273
213 278
213 279
213 286
213 309
213 317
213 322
214 10
214 15
214 17
214 25
214 34
214 36
214 39
214 47
214 48
214 49
214 52
214 54
214 66
214 78
214 86
214 91
214 98
214 100
214 104
214 108
214 110
214 139
214 151
214 159
214 160
214 161
214 163
214 166
214 169
214 171
214 172
214 174
214 176
214 179
214 180
214 194
214 196
214 208
214 214
214 220
214 221
214 233
214 239
214 255
214 275
214 295
214 305
215 5
215 7
215 8
215 15
215 43
215 73
215 94
215 129
215 132
215 134
215 137
215 170
215 175
215 178
215 183
215 192
215 193
215 195
215 196
215 197
215 200
215 202
215 204
215 213
215 215
215 228
215 245
215 246
215 269
215 278
215 317
215 319
216 8
216 46
216 87
216 90
216 107
216 131
216 135
217 4
217 11
217 18
217 19
217 24
217 102
217 116
217 211
217 217
218 55
218 58
218 103
218 112
218 186
219 55
219 58
219 206
219 223
219 323
220 39
220 48
220 49
220 54
220 92
220 98
220 105
220 159
220 160
220 161
220 166
220 169
220 174
220 176
220 180
220 214
220 221
220 222
221 25
221 34
221 39
221 48
221 54
221 79
221 90
221 100
221 105
221 106
221 108
221 159
221 160
221 171
221 173
221 176
221 180
221 194
221 212
221 214
221 220
221 221
221 239
221 261
221 295
221 297
222 31
222 39
222 40
222 48
222 54
222 176
222 220
222 222
222 233
222 241
222 295
222 297
223 1
223 13
223 15
223 26
223 27
223 28
223 30
223 31
223 37
223 44
223 55
223 56
223 57
223 58
223 59
223 74
223 75
223 78
223 89
223 99
223 103
223 110
223 112
223 113
223 117
223 124
223 133
223 134
223 168
223 181
223 184
223 186
223 189
223 205
223 206
223 219
223 223
223 224
223 225
223 240
223 250
223 256
223 257
223 260
223 263
223 265
223 266
223 274
223 283
223 290
223 291
223 298
223 313
224 13
224 15
224 27
224 28
224 31
224 56
224 58
224 90
224 186
224 189
224 205
224 223
224 260
224 283
225 28
225 55
225 58
225 112
225 113
225 186
225 206
225 223
225 257
226 5
226 8
226 13
226 15
226 43
226 46
226 94
226 95
226 128
226 183
226 278
226 284
226 309
227 10
227 86
227 100
227 182
227 227
228 7
228 73
228 128
228 132
228 177
228 192
228 215
228 234
228 262
228 300
228 309
229 10
229 25
229 39
229 51
229 54
229 67
229 69
229 86
229 98
229 139
229 142
229 160
229 166
229 171
229 172
229 174
229 179
229 194
229 196
229 208
229 229
229 233
229 275
229 305
230 10
230 34
230 39
230 104
230 182
230 190
230 194
230 230
230 237
230 272
230 299
230 320
231 7
231 9
231 15
231 95
231 128
231 173
231 181
231 246
231 262
231 284
231 294
231 300
232 5
232 6
232 8
232 14
232 43
232 88
232 131
232 163
232 170
232 175
232 177
232 178
232 197
232 234
232 235
232 238
232 246
232 259
232 270
232 273
232 300
233 1
233 25
233 31
233 39
233 40
233 48
233 54
233 92
233 99
233 104
233 160
233 171
233 172
233 176
233 179
233 180
233 194
233 214
233 222
233 229
233 233
234 5
234 6
234 7
234 8
234 9
234 13
234 14
234 15
234 31
234 43
234 46
234 90
234 93
234 131
234 132
234 133
234 134
234 135
234 173
234 175
234 177
234 178
234 196
234 198
234 199
234 202
234 228
234 232
234 234
234 235
234 245
234 256
234 262
234 273
234 281
234 284
234 325
235 5
235 6
235 9
235 13
235 46
235 88
235 93
235 94
235 96
235 132
235 133
235 178
235 232
235 234
235 235
235 256
235 270
235 273
235 300
236 2
236 3
236 4
236 24
236 41
236 101
236 102
236 164
236 211
237 39
237 47
237 100
237 104
237 108
237 139
237 172
237 190
237 194
237 208
237 230
237 237
237 299
237 320
238 5
238 6
238 7
238 8
238 9
238 13
238 15
238 43
238 73
238 131
238 175
238 178
238 196
238 213
238 232
238 238
238 309
239 34
239 39
239 50
239 86
239 109
239 214
239 221
240 36
240 55
240 58
240 168
240 186
240 205
240 223
240 240
240 260
241 39
241 48
241 49
241 109
241 150
241 194
241 222
241 241
241 244
241 272
241 295
242 2
242 4
242 20
242 21
242 24
242 62
242 63
242 164
242 165
242 301
242 302
243 2
243 3
243 4
243 20
243 62
243 164
243 165
243 243
243 302
244 25
244 39
244 40
244 48
244 160
244 176
244 180
244 194
244 241
244 244
244 295
245 8
245 23
245 43
245 53
245 54
245 73
245 90
245 131
245 134
245 135
245 175
245 183
245 195
245 196
245 197
245 213
245 215
245 234
245 245
245 269
245 270
245 273
246 5
246 8
246 23
246 43
246 73
246 86
246 87
246 93
246 94
246 95
246 96
246 129
246 131
246 132
246 162
246 174
246 175
246 178
246 183
246 196
246 197
246 215
246 231
246 232
246 246
246 278
246 284
246 294
247 8
247 39
247 48
247 50
247 54
247 86
247 97
247 106
247 150
247 169
247 176
247 182
247 191
247 194
247 248
248 39
248 69
248 121
248 176
248 180
248 247
248 248
248 288
248 295
249 4
249 24
249 164
249 165
250 55
250 58
250 186
250 223
250 250
250 260
250 263
250 273
251 52
251 109
251 126
251 141
251 150
251 155
251 251
252 2
252 4
252 24
252 41
252 102
252 211
253 167
253 253
253 268
254 15
254 87
254 170
254 175
254 178
254 183
254 197
254 254
254 279
255 47
255 49
255 54
255 80
255 100
255 169
255 180
255 214
255 255
256 5
256 6
256 7
256 8
256 9
256 13
256 15
256 43
256 46
256 88
256 90
256 93
256 94
256 96
256 107
256 134
256 174
256 175
256 178
256 181
256 200
256 203
256 204
256 207
256 223
256 234
256 235
256 256
256 259
256 262
256 270
256 273
256 284
256 300
256 309
257 27
257 28
257 31
257 41
257 56
257 57
257 58
257 187
257 205
257 223
257 225
257 257
257 283
258 20
258 25
258 34
258 160
258 171
258 191
258 208
258 258
258 266
259 5
259 8
259 9
259 13
259 43
259 46
259 96
259 128
259 134
259 175
259 178
259 232
259 256
259 259
259 300
259 309
259 322
260 27
260 28
260 31
260 46
260 55
260 56
260 57
260 58
260 148
260 186
260 189
260 205
260 206
260 223
260 224
260 240
260 250
260 283
261 5
261 6
261 15
261 43
261 90
261 132
261 135
261 162
261 173
261 204
261 221
261 261
262 5
262 7
262 9
262 13
262 43
262 94
262 96
262 173
262 202
262 204
262 207
262 228
262 231
262 234
262 256
262 262
262 273
262 284
262 300
263 27
263 28
263 55
263 119
263 189
263 206
263 223
263 250
263 263
263 283
264 2
264 3
264 4
264 18
264 19
264 20
264 21
264 24
264 31
264 41
264 42
264 61
264 62
264 101
264 102
264 112
264 114
264 164
264 165
264 211
264 264
264 296
264 301
264 307
264 314
264 326
265 30
265 58
265 74
265 79
265 124
265 223
265 265
266 39
266 104
266 190
266 194
266 223
266 258
266 272
267 11
267 12
267 30
267 75
267 79
267 83
267 89
267 111
267 115
268 127
268 167
268 253
268 268
269 7
269 8
269 15
269 43
269 129
269 131
269 132
269 162
269 175
269 197
269 198
269 202
269 204
269 213
269 215
269 245
269 269
269 270
269 278
269 307
269 317
269 319
270 5
270 8
270 9
270 13
270 73
270 88
270 93
270 96
270 113
270 129
270 131
270 132
270 175
270 178
270 196
270 197
270 213
270 232
270 235
270 245
270 256
270 269
270 273
270 278
270 300
270 317
270 324
270 325
271 54
271 86
271 92
271 160
271 171
271 176
271 271
272 10
272 100
272 104
272 212
272 230
272 241
272 266
272 320
273 5
273 7
273 9
273 13
273 23
273 29
273 46
273 73
273 86
273 88
273 93
273 94
273 96
273 129
273 131
273 132
273 175
273 196
273 197
273 213
273 232
273 234
273 235
273 245
273 250
273 256
273 262
273 270
273 278
273 286
273 300
273 309
273 312
273 317
273 325
274 28
274 31
274 55
274 56
274 57
274 58
274 113
274 168
274 196
274 205
274 206
274 223
274 274
274 283
274 323
275 25
275 34
275 39
275 49
275 54
275 160
275 166
275 169
275 171
275 172
275 176
275 180
275 191
275 214
275 229
275 275
275 295
276 18
276 24
276 101
276 114
277 16
277 53
277 110
277 138
277 141
277 154
277 156
277 158
277 277
277 306
278 5
278 7
278 8
278 73
278 95
278 128
278 129
278 162
278 175
278 183
278 196
278 213
278 215
278 226
278 246
278 269
278 270
278 273
278 278
278 284
278 286
278 294
278 309
279 15
279 43
279 131
279 175
279 213
279 254
280 0
280 49
280 51
280 100
280 126
280 139
281 9
281 234
282 36
282 45
282 91
282 139
282 282
283 28
283 55
283 58
283 74
283 90
283 168
283 186
283 205
283 206
283 223
283 224
283 257
283 260
283 263
283 274
284 5
284 7
284 8
284 13
284 15
284 43
284 46
284 95
284 107
284 128
284 132
284 133
284 175
284 183
284 207
284 226
284 231
284 234
284 246
284 256
284 262
284 278
284 294
285 30
285 48
285 122
285 139
286 5
286 7
286 15
286 87
286 90
286 107
286 131
286 135
286 170
286 173
286 196
286 197
286 202
286 204
286 213
286 273
286 278
286 309
287 34
287 39
287 48
287 98
287 169
287 180
287 304
288 25
288 160
288 171
288 194
288 248
289 10
289 12
289 289
290 58
290 223
291 103
291 223
292 39
292 49
292 92
292 135
292 292
293 2
293 4
293 20
293 21
293 24
293 61
293 62
293 63
293 165
293 293
293 301
293 326
293 328
294 8
294 86
294 93
294 94
294 95
294 183
294 196
294 231
294 246
294 278
294 284
295 34
295 39
295 48
295 49
295 98
295 100
295 159
295 161
295 166
295 174
295 176
295 180
295 208
295 214
295 221
295 222
295 241
295 244
295 248
295 275
295 297
296 19
296 24
296 41
296 42
296 62
296 102
296 114
296 211
296 264
296 296
296 314
297 194
297 208
297 221
297 222
297 295
297 297
298 25
298 58
298 174
298 223
299 17
299 48
299 54
299 100
299 104
299 106
299 182
299 190
299 230
299 237
299 299
299 319
299 320
300 5
300 6
300 7
300 9
300 13
300 73
300 93
300 94
300 131
300 178
300 228
300 231
300 232
300 235
300 256
300 259
300 262
300 270
300 273
300 300
300 309
301 2
301 4
301 18
301 20
301 21
301 24
301 60
301 61
301 62
301 63
301 164
301 165
301 242
301 264
301 293
301 301
301 302
301 326
301 328
302 2
302 3
302 4
302 19
302 20
302 21
302 24
302 60
302 61
302 62
302 63
302 164
302 165
302 211
302 242
302 243
302 301
302 302
302 328
303 5
303 15
303 90
303 135
303 303
303 309
304 25
304 98
304 160
304 171
304 194
304 287
305 25
305 39
305 48
305 86
305 98
305 166
305 172
305 174
305 179
305 214
305 229
305 305
306 120
306 136
306 138
306 158
306 277
306 306
306 311
307 2
307 3
307 4
307 18
307 20
307 21
307 24
307 54
307 61
307 101
307 114
307 164
307 165
307 211
307 264
307 269
307 307
307 310
307 318
308 19
308 24
308 148
308 308
309 5
309 6
309 9
309 13
309 15
309 20
309 43
309 87
309 90
309 93
309 94
309 107
309 131
309 134
309 137
309 163
309 170
309 173
309 178
309 183
309 196
309 202
309 204
309 213
309 226
309 228
309 238
309 256
309 259
309 273
309 278
309 286
309 300
309 303
309 309
309 317
309 319
309 324
310 2
310 18
310 20
310 21
310 24
310 62
310 114
310 165
310 307
310 310
311 52
311 53
311 138
311 158
311 306
312 11
312 23
312 30
312 32
312 53
312 75
312 86
312 115
312 117
312 122
312 139
312 273
313 31
313 41
313 55
313 223
314 2
314 3
314 4
314 18
314 19
314 20
314 21
314 24
314 41
314 42
314 101
314 102
314 114
314 116
314 164
314 264
314 296
314 314
314 318
315 30
315 51
315 74
315 79
315 111
315 117
315 119
315 124
315 315
316 39
316 54
316 100
316 194
317 5
317 15
317 43
317 54
317 73
317 131
317 197
317 204
317 213
317 215
317 269
317 270
317 273
317 309
317 319
317 322
317 324
318 18
318 20
318 24
318 42
318 165
318 307
318 314
319 5
319 10
319 17
319 39
319 43
319 100
319 192
319 193
319 195
319 196
319 197
319 215
319 269
319 299
319 309
319 317
319 319
319 324
320 10
320 39
320 47
320 48
320 71
320 86
320 104
320 190
320 230
320 237
320 272
320 299
320 320
321 22
321 52
321 109
321 126
321 127
321 139
321 154
321 155
321 321
322 15
322 43
322 73
322 132
322 133
322 213
322 259
322 317
322 322
322 325
323 28
323 31
323 206
323 219
323 274
323 323
324 5
324 8
324 15
324 54
324 73
324 134
324 172
324 173
324 196
324 204
324 270
324 309
324 317
324 319
325 7
325 9
325 13
325 43
325 73
325 94
325 234
325 270
325 273
325 322
326 2
326 3
326 4
326 21
326 25
326 42
326 61
326 62
326 101
326 114
326 164
326 264
326 293
326 301
326 328
327 10
327 71
327 86
327 106
328 2
328 3
328 4
328 61
328 62
328 293
328 301
328 302
328 326
